    t	    x	      y	    vx	  vy
0	  0.0	  0	      0	    100.0	15
1	  1.0	  93.3	  15.0	90.0	15
2	  2.0	  179.46	30.0	80.0	15
3	  3.0	  257.69	45.0	70.0	15
4	  4.0	  319.92	60.0	60.0	15
5	  5.0	  378.15	75.0	50.0	15
6	  6.0	  426.38	90.0	40.0	15
7	  7.0	  459.51	105.0	30.0	15
8	  8.0	  490.84	120.0	20.0	15
9	  9.0	  497.35	135.0	10.0	15
10	10.0	500.38	150.0	 0	 15
11	11.0	503.11	165.0	-10	 15
12	12.0	510.03	180.0	-20	 15
13	13.0	504.93	195.0	-30	 15
14	14.0	489.63	210.0	-40	 15
15	15.0	410.06	225.0	-50	 15
16	16.0	355.79	240.0	-60	 15
17	17.0	290.83	255.0	-70	 15
18	18.0	215.90	270.0	-80	 15
19	19.0	136.05	285.0	-90	 15
20	20.0	37.03	  300.0	-100	15
